On/Off

JVC: data=0x00FF
LG: data=0x00FF0AF5, nbits=32
NEC: address=0xFF00, command=0xAF50
Received Pioneer: rc_code_X=0x0050
Received Pronto: data=0000 006D 0022 0000 015A 00AD 0016 0015 0016 0015 0016 0015 0016 0015 0016 0015 0016 0015 0016 0015 0016 0015 0016 0040 0016 0040 0016 0040 0016 0040 0016 0040 0016 0040 0016 0040 0016 0040 0016 0015 0016 0015 0016 0015 0016 0015
0016 0040 0016 0015 0016 0040 0016 0015 0016 0040 0016 0040 0016 0040 0016 0040 0016 0015 0016 0040 0016 0015 0016 0040 0016 06C3

Speed Increase

JVC: data=0x00FF
LG: data=0x00FF0AF5, nbits=32
NEC: address=0xFF00, command=0xAF50
Pioneer: rc_code_X=0x0050
Received Pronto: data=0000 006D 0022 0000 015A 00AD 0016 0015 0016 0015 0016 0015 0016 0015 0016 0015 0016 0015 0016 0016 0015 0016 0015 0041 0015 0041 0015 0041 0015 0041 0015 0041 0015 0041 0015 0041 0014 0042 0014 0017 0014 0017 0014 0017 0014 0017
0014 0042 0014 0017 0014 0043 0013 0018 0013 0043 0013 0043 0013 0043 0013 0043 0013 0019 0012 0044 0012 0019 0012 0044 0012 06C3

Speed Decrease

JVC: data=0x00FF
LG: data=0x00FF827D, nbits=32
NEC: address=0xFF00, command=0xBE41
ioneer: rc_code_X=0x0041
Pronto: data=0000 006D 0022 0000 015B 00AD 0016 0015 0016 0015 0016 0015 0016 0015 0016 0015 0016 0015 0016 0015 0016 0015 0016 0040 0016 0040 0016 0040 0016 0040 0016 0040 0016 0040 0016 0040 0016 0040 0016 0040 0016 0015 0016 0015 0016 0015
0016 0015 0016 0015 0016 0040 0016 0015 0016 0015 0016 0040 0016 0041 0015 0041 0015 0041 0015 0041 0014 0017 0015 0041 0015 06C3

Woosh

Pronto: data=0000 006D 0002 0000 0159 0056 0016 06C3
JVC: data=0x00FF
LG: data=0x00FF20DF, nbits=32
NEC: address=0xFF00, command=0xFB04
Pioneer: rc_code_X=0x0004
Pronto: data=0000 006D 0022 0000 015A 00AD 0016 0015 0016 0015 0016 0015 0016 0015 0016 0015 0016 0015 0016 0015 0016 0015 0016 0040 0016 0040 0016 0040 0016 0040 0016 0040 0016 0040 0016 0040 0016 0040 0016 0015 0016 0015 0016 0040 0016 0015
0016 0015 0016 0015 0016 0015 0016 0015 0016 0040 0016 0040 0016 0015 0016 0040 0016 0040 0016 0040 0016 0040 0016 0040 0016 06C3

Light Increase

JVC: data=0x00FF
LG: data=0x00FF42BD, nbits=32
NEC: address=0xFF00, command=0xBD42
Pioneer: rc_code_X=0x0042
Pronto: data=0000 006D 0022 0000 015A 00AD 0016 0015 0016 0015 0016 0015 0016 0015 0016 0015 0016 0015 0016 0015 0016 0015 0016 0040 0016 0040 0016 0040 0016 0040 0016 0040 0016 0040 0016 0040 0016 0040 0016 0015 0016 0040 0016 0015 0016 0015
0016 0015 0016 0015 0016 0040 0016 0015 0016 0040 0016 0015 0016 0040 0016 0040 0016 0040 0016 0040 0016 0015 0016 0040 0016 06C3

Light Decrease

JVC: data=0x00FF
LG: data=0x00FF8A75, nbits=32
NEC: address=0xFF00, command=0xAE51
Pioneer: rc_code_X=0x0051
Pronto: data=0000 006D 0022 0000 015A 00AD 0016 0015 0016 0015 0016 0015 0016 0015 0016 0015 0016 0015 0016 0015 0016 0015 0016 0040 0016 0040 0016 0040 0016 0040 0016 0040 0016 0040 0016 0040 0016 0040 0016 0040 0016 0015 0016 0015 0016 0015
0016 0040 0016 0015 0016 0040 0016 0016 0015 0016 0015 0041 0015 0041 0015 0041 0015 0016 0015 0041 0015 0016 0015 0041 0015 06C3

Sleep

JVC: data=0x00FF
LG: data=0x00FFCA35, nbits=32
NEC: address=0xFF00, command=0xAC53
Pioneer: rc_code_X=0x0053
Pronto: data=0000 006D 0022 0000 015A 00AD 0016 0015 0016 0015 0016 0015 0016 0015 0016 0015 0016 0015 0016 0015 0016 0015 0016 0040 0016 0040 0016 0040 0016 0040 0016 0040 0016 0040 0016 0040 0016 0040 0016 0040 0016 0040 0016 0015 0016 0015
0016 0040 0016 0015 0016 0040 0016 0015 0016 0016 0015 0016 0015 0041 0014 0042 0015 0016 0015 0041 0015 0016 0014 0042 0014 06C3

Timer

JVC: data=0x00FF
LG: data=0x00FF02FD, nbits=32
NEC: address=0xFF00, command=0xBF40
Pioneer: rc_code_X=0x0040
Pronto: data=0000 006D 0022 0000 015A 00AD 0016 0015 0016 0015 0016 0015 0016 0015 0016 0015 0016 0015 0016 0015 0016 0015 0016 0040 0016 0040 0016 0040 0016 0040 0016 0040 0016 0040 0016 0040 0016 0040 0016 0015 0016 0015 0016 0015 0016 0015
0016 0015 0016 0015 0016 0040 0016 0015 0016 0040 0016 0041 0015 0040 0016 0041 0015 0041 0015 0041 0014 0017 0014 0042 0014 06C3

Clear

JVC: data=0x00FF
LG: data=0x00FFF807, nbits=32
NEC: address=0xFF00, command=0xE01F
Pioneer: rc_code_X=0x001F
Pronto: data=0000 006D 0022 0000 015A 00AD 0016 0015 0016 0015 0016 0015 0016 0015 0016 0015 0016 0015 0016 0015 0016 0015 0016 0040 0016 0040 0016 0040 0016 0040 0016 0040 0016 0040 0016 0040 0016 0040 0016 0040 0016 0040 0016 0040 0016 0040
0016 0040 0016 0015 0016 0015 0016 0015 0016 0015 0016 0015 0016 0015 0016 0015 0016 0016 0015 0040 0016 0041 0015 0041 0015 06C3

Light On/Off

JVC: data=0x00FF
LG: data=0x00FFC23D, nbits=32
NEC: address=0xFF00, command=0xBC43
Pioneer: rc_code_X=0x0043
Pronto: data=0000 006D 0022 0000 015A 00AD 0016 0015 0016 0015 0016 0015 0016 0015 0016 0015 0016 0015 0016 0015 0016 0015 0016 0040 0016 0040 0016 0040 0016 0040 0016 0040 0016 0040 0016 0040 0016 0040 0016 0041 0015 0040 0016 0015 0016 0016
0015 0016 0015 0016 0015 0041 0015 0016 0015 0016 0015 0016 0015 0041 0015 0041 0015 0041 0015 0041 0015 0016 0015 0041 0015 06C3
